   -2.7837   -0.3841    0.0066
   -2.2517    1.8623    0.0981
   -2.3192   -1.1550    0.0018
    0.5970   -0.9710    0.8994
    0.8783    1.6438    0.0220
   -1.0372    1.9505    0.4242
    0.6798   -0.8844    0.9143
    0.4283   -2.7796    0.0322
    1.4157   -0.5131    0.6287
    2.1144   -1.9352    0.1111
   -1.5773    1.2288    0.7162
    0.2875   -2.4598    0.0761
    2.7324   -0.3735    0.0361
   -1.2631    1.6141    0.5933
    2.9102    2.6483    0.0000
   -1.3611   -2.4299    0.0005
    2.2013    2.7308    0.0000
    1.9846    0.7730    0.0174
   -2.8756   -0.2017    0.0070
    2.2710   -1.1394    0.2021
   -2.4685    0.5302    0.0956
    2.6078    0.5925    0.0055
   -0.5055    2.7835    0.0300
    1.9206    0.4221    0.0592
   -1.0528    0.6748    0.8946
   -0.7762    0.0350    0.3860
   -0.7048    0.0356    0.4104
    0.2807   -2.7470    0.0299
   -0.4898    1.7894    0.4041
   -0.8937    2.3333    0.1521
   -0.9702    2.8595    0.0324
    0.6748   -1.6870    0.5909
   -2.2994    2.6764    0.0110
   -0.0496   -1.9065    0.1577
   -1.2923    0.4738    0.7653
    0.3274    2.9765    0.0034
    1.6082   -1.7935    0.3951
    2.0043    1.5883    0.0005
   -1.4769   -1.7616    0.0016
   -2.8096   -2.6373    0.0000
   -1.7248    2.7744    0.0250
   -0.4198   -0.3037    0.1944
   -2.1726   -1.8726    0.0001
    2.9062   -0.2918    0.0151
    1.3020   -1.7196    0.5667
    2.7588   -0.4589    0.0316
   -2.8719   -2.4901    0.0000
   -1.6676   -1.7114    0.0009
    0.1400   -2.2320    0.0952
   -0.5171    1.6631    0.5008
    0.6802    0.0859    0.3137
    1.3156    1.7353    0.0035
    1.4532   -1.8077    0.4505
    0.2927    1.1461    0.1870
    1.7258   -1.5408    0.4775
    2.1851   -0.8387    0.2599
    1.2186    0.7414    0.0577
   -0.4259   -2.1271    0.0347
   -0.3364    0.6945    0.5563
   -1.5971    1.8737    0.3029
    1.2536    0.0581    0.3283
   -1.8697    1.0534    0.4843
   -0.9182    1.2745    0.8691
   -1.8951    0.3595    0.2812
    0.2772    2.3570    0.0329
    1.0569   -0.6992    0.9791
   -0.9781   -1.1364    0.0302
    0.5571   -1.4862    0.6841
   -1.3623    2.6555    0.0568
    1.8676   -0.2428    0.2723
    2.5597    0.1835    0.0232
   -1.9613   -1.7106    0.0004
    2.3261   -2.5546    0.0158
   -0.3285   -0.0633    0.3030
   -0.4006    2.6402    0.0501
   -0.1545   -1.9923    0.0929
   -0.6181   -1.7104    0.0457
    0.0087    0.2868    0.2877
   -2.6591   -1.4119    0.0002
   -1.6303    2.1986    0.1717
   -2.4812    1.0291    0.1070
    0.7190    2.2816    0.0102
    2.9818   -0.5116    0.0156
    1.1586    0.8805    0.0371
    2.0313    1.0576    0.0051
   -1.8927   -2.8744    0.0000
    2.6026    0.2505    0.0168
   -0.1946    1.8780    0.2328
   -2.5989   -1.7991    0.0000
   -0.4084   -1.6853    0.0863
   -0.7575    1.9525    0.3794
   -2.3403    1.9636    0.0665
   -0.3677   -0.5956    0.1832
    0.8799   -2.7388    0.0489
    2.4164    0.9999    0.0023
   -1.8420    1.6739    0.3419
    0.5041    2.9153    0.0024
    2.8600   -1.6414    0.0217
    1.7859   -2.9288    0.0125
    1.4657   -1.5125    0.6578
   -0.6811    0.9408    0.8730
   -1.8291   -1.1315    0.0059
    1.6873   -2.7723    0.0250
    1.0119   -1.1109    0.9618
   -0.1437    2.4534    0.0546
   -2.0813   -0.2447    0.0720
    0.8926   -1.5129    0.7623
   -2.9235   -2.9465    0.0000
    1.4695    0.3668    0.1165
    0.3905   -0.9092    0.7519
    0.3346   -2.1226    0.1710
    1.4226    0.3331    0.1435
   -2.8420    2.3400    0.0059
    2.9343    0.0674    0.0084
   -0.9236   -0.3643    0.1827
    1.7054   -1.3733    0.5522
    2.6749    0.8383    0.0019
   -0.9200   -2.9730    0.0005
    1.7283    0.2235    0.1250
    0.3680   -1.2435    0.6719
   -1.9840    1.7660    0.2059
    0.4664   -1.2940    0.6262
    1.7397    0.9974    0.0103
   -0.2890    2.4899    0.0680
    0.7071    0.2636    0.1971
    1.4179   -0.6501    0.7852
    1.9685   -1.3482    0.3390
   -1.1988    0.1173    0.4861
    1.3402    0.8344    0.0352
    0.5734    1.5273    0.0676
    2.9404    2.5220    0.0000
    0.1758    2.8803    0.0071
    1.1429   -2.6299    0.0705
   -1.4667    2.7202    0.0418
    1.5529   -0.5554    0.5880
   -0.9609   -2.3619    0.0033
    2.5442    2.7102    0.0000
   -0.3112    0.0198    0.2746
   -0.5516    2.1678    0.2263
    2.7079    0.2476    0.0106
   -2.9130    0.2706    0.0147
    0.1459   -2.8903    0.0125
   -1.9325   -2.3670    0.0000
    0.9225    0.5578    0.1130
   -2.5424   -1.9649    0.0000
   -2.7931    2.9929    0.0007
   -0.2796   -1.8424    0.0889
   -1.4303   -1.1230    0.0111
   -2.9930    1.5103    0.0152
    2.3752   -0.4446    0.1219
    1.6309    2.8133    0.0000
   -2.1295   -1.3294    0.0012
   -0.2386    1.4336    0.4691
    2.0894   -2.0647    0.1021
    1.2496    0.9782    0.0229
    0.5509   -2.3361    0.1450
    2.2139    0.6529    0.0160
   -0.9942   -0.6037    0.0961
    0.1834    2.4132    0.0334
   -1.2492    1.3381    0.8389
    0.0243   -1.8649    0.1890
    2.9653    0.8335    0.0007
    2.6812    1.4595    0.0001
    0.2965    2.0142    0.0661
    1.6753    0.1249    0.1621
    0.3157   -1.5295    0.4427
    0.3129   -0.3165    0.3958
   -0.1165   -2.6105    0.0231
    0.6859   -0.1472    0.4390
    1.1902   -1.1075    1.0293
   -2.1963   -2.0830    0.0000
    0.9514   -2.0345    0.3560
    0.4045    2.3289    0.0224
    2.5201   -2.0063    0.0341
   -1.0062   -0.2596    0.2139
   -0.0928    1.8598    0.2074
    0.6772   -2.5125    0.0996
    0.6689    2.9647    0.0013
   -0.4848    0.2186    0.4385
   -2.0179    0.7909    0.3562
    2.1730   -1.5907    0.1732
    2.0074   -0.5935    0.3076
    2.4598    2.5479    0.0000
    0.1044   -2.0123    0.1713
   -0.5605    1.5353    0.6636
    0.3934    1.1698    0.1530
   -0.6477    1.8686    0.4496
   -0.5937    2.0440    0.2661
    0.8273    0.1849    0.2378
    1.2085   -0.1363    0.4461
   -2.1014    1.8066    0.1695
   -1.4061    0.7403    0.7219
    2.0707   -2.9082    0.0087
   -2.2292   -2.8460    0.0000
    2.5651   -2.2588    0.0188
    1.1179   -0.0123    0.3713
   -0.6373   -0.0872    0.2984
   -2.3026   -1.5785    0.0003
   -1.3378   -1.9109    0.0022
    1.9199   -2.3294    0.0800
    1.8904   -1.2689    0.3832
    2.4661    0.8443    0.0036
    0.7417   -2.9973    0.0173
    1.0758   -0.9369    0.9868
   -0.1380   -0.7338    0.3065
    0.8401   -2.6643    0.0637
   -2.8572   -0.3770    0.0045
   -0.0111   -1.2879    0.3212
   -0.6961   -0.0745    0.3185
    1.6660   -0.4847    0.5083
    0.9529   -2.5757    0.0897
    1.5170    0.8636    0.0276
   -0.7281    0.7724    0.9182
    2.2230    1.4334    0.0007
   -0.0657   -2.4780    0.0378
   -0.2174   -2.5115    0.0248
   -1.1822   -1.8636    0.0044
   -0.2489   -1.2271    0.2141
   -1.3167   -1.3180    0.0081
    0.2247   -2.0583    0.1695
   -2.0218   -0.5931    0.0291
    2.4813   -2.6566    0.0069
   -2.2461    0.5282    0.1598
   -2.6896    1.6339    0.0401
   -1.4995   -0.3256    0.1272
   -0.0094    0.3936    0.3077
    0.7143   -0.4177    0.6248
   -1.5229    2.9888    0.0133
    2.0167   -1.8111    0.1708
   -0.5721    2.5076    0.0792
   -1.1655    1.9290    0.4121
   -1.5351   -1.1026    0.0111
    0.8780    2.7746    0.0013
    1.6466   -1.8004    0.3353
   -0.4390   -1.1154    0.1445
    0.9036   -1.4424    0.8521
   -1.3326    1.0276    0.8243
   -2.1229    1.3391    0.2322
    1.6345   -1.8343    0.3286
    1.6577    1.9670    0.0004
   -0.6639   -2.4554    0.0073
   -0.7312    1.5836    0.6029
   -0.3698   -1.5209    0.1266
   -0.4475   -0.1632    0.2745
    1.8633   -1.0666    0.4874
    0.4106   -0.5319    0.5560
   -0.1531    0.7557    0.4853
    2.6016   -0.3244    0.0464
   -0.0373   -2.6233    0.0246
    0.4915    2.3619    0.0173
    2.4457    2.5909    0.0000
   -0.8160    0.2078    0.5458
    0.2536    0.1147    0.2416
    1.5721    2.2796    0.0003
   -1.1828   -0.9750    0.0281
    1.2027    1.1487    0.0184
   -0.0056   -0.9095    0.3932
    1.1375   -0.4486    0.6874
    0.9198    1.1521    0.0311
    0.4528   -2.1519    0.1898
    0.2493    2.0607    0.0621
   -2.6793    2.6255    0.0046
    0.0419    1.9882    0.1232
    1.6894    2.4737    0.0001
   -0.9649   -2.1064    0.0061
    2.5389   -1.0275    0.0943
    0.4671   -0.8668    0.7365
   -2.9110   -1.2861    0.0001
    2.5644    1.5795    0.0001
    1.6025    0.6955    0.0409
   -1.8118   -2.0443    0.0002
    1.3887   -0.3327    0.5917
    0.9289    2.8502    0.0008
   -2.5270   -1.8286    0.0000
   -0.8372    1.0001    0.9604
    2.5616    1.8950    0.0000
   -0.5144   -2.6712    0.0063
   -1.3055   -0.1197    0.2719
   -0.6682    2.2032    0.1972
    0.9725   -0.8445    0.9106
   -2.6827    2.7602    0.0025
    0.6627   -1.7673    0.5397
   -2.0132   -2.1521    0.0000
   -2.0720   -2.5605    0.0000
    0.0701   -0.7390    0.4156
    1.6968   -0.2978    0.3503
    2.4773   -0.5876    0.1033
    1.8083    2.8451    0.0000
   -2.1737    0.5342    0.2105
   -1.0681   -1.7176    0.0092
    0.4899    0.8459    0.1330
    1.5987   -2.0792    0.2333
   -1.5294    0.9419    0.7158
    2.1095    2.7381    0.0000
   -1.0304    1.8969    0.4612
   -0.5450   -2.0194    0.0322
   -2.6795   -1.0883    0.0007
   -2.5376   -0.4587    0.0118
   -0.6447   -2.0001    0.0241
   -2.8864   -2.3294    0.0000
    1.4667    2.2079    0.0005
    2.4168   -2.2716    0.0244
    0.4262    2.0019    0.0523
   -2.4095   -2.1325    0.0000
   -2.9702   -0.9778    0.0004
   -1.6945    2.0908    0.1723
   -1.5307    1.8634    0.3449
    1.7374   -1.2561    0.5013
   -0.1109   -1.3841    0.2589
   -2.7991    1.7030    0.0254
   -0.9333   -2.6976    0.0012
   -0.7060    0.4634    0.7209
    2.9947    0.3670    0.0028
    1.8074   -0.4262    0.3829
    2.5622    1.2816    0.0005
    0.6137   -0.4011    0.5931
    0.7958    0.1542    0.2674
    2.6438    1.7457    0.0000
    0.4288    2.7576    0.0063
   -2.3075   -2.1869    0.0000
    1.7517   -2.6883    0.0348
   -2.8514   -2.9931    0.0000
    1.3838    1.0609    0.0156
    0.7524   -1.3226    0.8477
   -0.0340   -0.7314    0.3345
   -1.6813    2.8805    0.0168
   -0.0179    2.2892    0.0722
    1.3669    2.6115    0.0003
   -2.8279    1.8780    0.0158
    0.4927   -2.2044    0.1882
   -2.4533   -2.6628    0.0000
    2.3076    0.4919    0.0200
   -1.3199    1.4690    0.6587
    2.3860   -1.1015    0.1511
   -1.9117   -1.7358    0.0003
   -0.2057   -2.5096    0.0248
    2.8970   -1.9241    0.0115
    2.7135    1.4656    0.0001
    0.1266    0.4055    0.2475
   -2.1398   -0.5436    0.0236
    0.8849    0.4649    0.1390
   -0.7155    2.9940    0.0163
    1.1958    1.7607    0.0050
   -2.0138    1.7962    0.1794
    1.6588   -2.1585    0.1534
   -2.2348   -2.8995    0.0000
    2.6728    1.6410    0.0001
   -0.6187   -2.1119    0.0198
    2.5283    1.6148    0.0001
    2.6123   -0.3832    0.0534
    2.7796   -2.0239    0.0150
   -2.4401    2.2287    0.0269
    0.2643   -0.1954    0.3265
    2.0716   -1.1111    0.3410
    1.6346    0.4141    0.0913
    0.8965   -2.6403    0.0628
   -1.6229    2.9708    0.0148
    2.1122    1.7302    0.0002
   -0.3892    1.1301    0.7306
    2.1816    0.5169    0.0253
   -0.8482    2.2424    0.1945
    2.3326    0.4485    0.0197
    0.8791   -2.8192    0.0366
   -2.6126   -1.7635    0.0000
    1.4692    1.0180    0.0161
   -0.9045   -0.2687    0.2225
    2.1698   -2.3614    0.0373
    0.8045    0.7654    0.0846
   -2.5986   -1.7504    0.0000
   -1.5576   -2.0324    0.0006
    0.4291    1.6232    0.0850
   -2.9549    1.6129    0.0140
   -1.3583    2.7991    0.0347
    2.5961   -2.8537    0.0027
    2.3218    2.6562    0.0000
   -1.8274   -1.9582    0.0002
   -0.4899   -2.8097    0.0040
    1.7899    2.8207    0.0000
   -2.0888   -0.2772    0.0654
   -0.8843    0.4295    0.7441
   -2.1574    1.2904    0.2622
    2.3961   -0.2559    0.0764
   -2.9297   -0.7452    0.0012
    1.7888    0.9946    0.0099
    0.4712    2.0440    0.0348
   -0.1595   -1.4696    0.2125
    2.9435   -1.0887    0.0212
    0.3980    1.3299    0.1257
    0.8789   -1.6024    0.6360
    2.4296   -2.8517    0.0046
    1.0096   -2.9385    0.0244
    0.1000   -2.8467    0.0155
    2.7242    2.2688    0.0000
   -1.8643   -1.3778    0.0018
    1.7232    2.5482    0.0001
    1.4229   -0.9746    0.8662
    1.7466   -1.8360    0.3047
    1.2818   -0.7248    0.9228
    2.1264    2.4614    0.0000
    1.0351    2.5802    0.0014